2011 01 01 19 49
2011 01 06 01 45
2011 01 14 02 03
2011 01 23 07 42
2011 03 08 08 04
2011 04 01 11 47
2011 04 18 12 55
2011 05 05 01 49
2011 05 13 22 35
2011 05 19 10 16
2011 05 21 14 33
2011 05 25 18 55
2011 07 08 07 20
2011 07 19 09 33
2011 07 25 22 59
2011 08 21 07 34
2011 09 05 14 27
2011 09 08 08 35
2011 09 15 14 53
2011 09 22 07 45
2011 10 02 06 32
2011 10 15 17 22
2011 10 17 07 21
2011 10 25 17 25
2011 11 04 02 08
2011 11 04 18 00
2011 12 02 03 52
2011 12 11 01 50
2011 12 20 08 29
2011 12 20 15 01
