2011 01 07 04 16
2011 01 08 07 17
2011 01 08 21 06
2011 01 12 18 55
2011 01 14 02 08
2011 01 14 18 49
2011 02 01 10 06
2011 02 04 06 48
2011 02 04 08 40
2011 02 05 09 35
2011 02 28 23 11
2011 03 03 06 20
2011 03 04 15 02
2011 03 10 01 33
2011 03 11 05 30
2011 03 14 18 40
2011 03 17 07 06
2011 03 18 05 47
2011 03 27 14 17
2011 04 02 14 35
2011 04 03 08 25
2011 04 05 14 32
2011 04 06 11 32
2011 04 06 21 38
2011 04 08 23 48
2011 04 10 06 40
2011 04 10 16 04
2011 04 16 13 49
2011 04 22 10 42
2011 04 22 12 10
2011 04 26 11 50
2011 04 27 14 00
2011 04 28 04 47
2011 05 01 01 56
2011 05 03 18 04
2011 05 06 04 39
2011 05 23 23 44
2011 05 24 15 13
2011 05 26 03 47
2011 05 26 23 31
2011 05 27 11 35
2011 05 28 19 27
2011 06 09 22 17
2011 06 12 15 53
2011 06 20 15 50
2011 06 21 01 15
2011 06 22 18 52
2011 06 26 07 09
2011 07 02 08 44
2011 07 03 07 05
2011 07 07 16 58
2011 07 07 19 05
2011 07 13 10 49
2011 07 14 10 51
2011 07 15 21 52
2011 07 17 03 30
2011 07 18 08 10
2011 07 26 05 18
2011 07 27 08 53
2011 08 01 10 24
2011 08 01 17 56
2011 08 03 06 01
2011 08 08 07 22
2011 08 11 03 06
2011 08 11 14 26
2011 08 12 13 17
2011 08 13 16 15
2011 08 17 20 55
2011 08 18 18 17
2011 08 18 21 34
2011 08 19 01 30
2011 08 24 09 30
2011 09 03 03 05
2011 09 16 07 46
2011 09 18 16 23
2011 09 19 10 28
2011 09 23 04 36
2011 10 03 02 26
2011 10 03 09 35
2011 10 04 10 35
2011 10 10 21 12
2011 10 18 22 17
2011 10 22 06 38
2011 10 23 02 33
2011 10 25 00 46
2011 10 27 04 09
2011 11 02 19 31
2011 11 05 20 41
2011 11 05 21 40
2011 11 10 01 37
2011 11 10 18 42
2011 11 15 19 36
2011 11 20 00 37
2011 11 22 13 57
2011 12 04 03 59
2011 12 06 10 58
2011 12 09 05 16
2011 12 12 12 36
2011 12 27 21 40
2011 12 28 16 04
